abstraction-rtos: 1.8.1.41337
core-lib: 1.4.2.41337
mtb-hal-cat1: 2.6.2.44607
mtb-pdl-cat1: 3.12.1.37059
mtb-template-cat1: 1.3.0.35366
serial-flash: 1.4.2.35289